729
0.00	0.0
0.02	0.9
0.04	1.9
0.06	2.8
0.08	3.7
0.10	4.6
0.12	5.5
0.14	6.3
0.16	7.2
0.18	8.1
0.20	9.0
0.22	9.8
0.24	10.7
0.26	11.5
0.28	12.3
0.30	13.1
0.32	14.0
0.34	14.8
0.36	15.6
0.38	16.4
0.40	17.1
0.42	17.9
0.44	18.7
0.46	19.4
0.48	20.2
0.50	20.9
0.52	21.7
0.54	22.4
0.56	23.1
0.58	23.8
0.60	24.5
0.62	25.2
0.64	25.9
0.66	26.6
0.68	27.3
0.70	28.0
0.72	28.6
0.74	29.3
0.76	29.9
0.78	30.6
0.80	31.2
0.82	31.8
0.84	32.4
0.86	33.0
0.88	33.6
0.90	34.2
0.92	34.8
0.94	35.4
0.96	35.9
0.98	36.5
1.00	37.1
1.02	37.6
1.04	38.1
1.06	38.7
1.08	39.2
1.10	39.7
1.12	40.2
1.14	40.7
1.16	41.2
1.18	41.7
1.20	42.2
1.22	42.6
1.24	43.1
1.26	43.5
1.28	44.0
1.30	44.4
1.32	44.8
1.34	45.3
1.36	45.7
1.38	46.1
1.40	46.5
1.42	46.9
1.44	47.2
1.46	47.6
1.48	48.0
1.50	48.3
1.52	48.7
1.54	49.0
1.56	49.4
1.58	49.7
1.60	50.0
1.62	50.3
1.64	50.6
1.66	50.9
1.68	51.2
1.70	51.5
1.72	51.8
1.74	52.1
1.76	52.3
1.78	52.6
1.80	52.8
1.82	53.0
1.84	53.3
1.86	53.5
1.88	53.7
1.90	53.9
1.92	54.1
1.94	54.3
1.96	54.5
1.98	54.6
2.00	54.8
2.02	55.0
2.04	55.1
2.06	55.3
2.08	55.4
2.10	55.5
2.12	55.6
2.14	55.8
2.16	55.9
2.18	56.0
2.20	56.0
2.22	56.1
2.24	56.2
2.26	56.3
2.28	56.3
2.30	56.4
2.32	56.4
2.34	56.5
2.36	56.5
2.38	56.5
2.40	56.5
2.42	56.5
2.44	56.5
2.46	56.5
2.48	56.5
2.50	56.5
2.52	56.4
2.54	56.4
2.56	56.3
2.58	56.3
2.60	56.2
2.62	56.1
2.64	56.0
2.66	56.0
2.68	55.9
2.70	55.8
2.72	55.6
2.74	55.5
2.76	55.4
2.78	55.3
2.80	55.1
2.82	55.0
2.84	54.8
2.86	54.6
2.88	54.5
2.90	54.3
2.92	54.1
2.94	53.9
2.96	53.7
2.98	53.5
3.00	53.3
3.01	53.0
3.02	52.7
3.03	52.3
3.04	52.0
3.05	51.7
3.06	51.4
3.07	51.1
3.08	50.8
3.09	50.4
3.10	50.1
3.11	49.8
3.12	49.5
3.13	49.1
3.14	48.8
3.15	48.5
3.16	48.1
3.17	47.8
3.18	47.4
3.19	47.1
3.20	46.8
3.21	46.4
3.22	46.1
3.23	45.7
3.24	45.3
3.25	45.0
3.26	44.6
3.27	44.3
3.28	43.9
3.29	43.5
3.30	43.2
3.31	42.8
3.32	42.4
3.33	42.1
3.34	41.7
3.35	41.3
3.36	40.9
3.37	40.5
3.38	40.2
3.39	39.8
3.40	39.4
3.41	39.0
3.42	38.6
3.43	38.2
3.44	37.8
3.45	37.4
3.46	37.0
3.47	36.6
3.48	36.2
3.49	35.8
3.50	35.4
3.51	34.9
3.52	34.5
3.53	34.1
3.54	33.7
3.55	33.3
3.56	32.8
3.57	32.4
3.58	32.0
3.59	31.6
3.60	31.1
3.61	30.7
3.62	30.3
3.63	29.8
3.64	29.4
3.65	28.9
3.66	28.5
3.67	28.0
3.68	27.6
3.69	27.1
3.70	26.7
3.71	26.2
3.72	25.8
3.73	25.3
3.74	24.8
3.75	24.4
3.76	23.9
3.77	23.4
3.78	23.0
3.79	22.5
3.80	22.0
3.81	21.5
3.82	21.1
3.83	20.6
3.84	20.1
3.85	19.6
3.86	19.1
3.87	18.6
3.88	18.1
3.89	17.6
3.90	17.1
3.91	16.6
3.92	16.1
3.93	15.6
3.94	15.1
3.95	14.6
3.96	14.1
3.97	13.6
3.98	13.1
3.99	12.5
4.00	12.0
4.01	11.5
4.02	11.0
4.03	10.5
4.04	9.9
4.05	9.4
4.06	8.9
4.07	8.3
4.08	7.8
4.09	7.3
4.10	6.7
4.11	6.2
4.12	5.6
4.13	5.1
4.14	4.5
4.15	4.0
4.16	3.4
4.17	2.9
4.18	2.3
4.19	1.7
4.20	1.2
4.21	0.6
4.22	0.0
4.23	-0.5
4.24	-1.1
4.25	-1.7
4.26	-2.2
4.27	-2.8
4.28	-3.4
4.29	-4.0
4.30	-4.6
4.31	-5.2
4.32	-5.7
4.33	-6.3
4.34	-6.9
4.35	-7.5
4.36	-8.1
4.37	-8.7
4.38	-9.3
4.39	-9.9
4.40	-10.5
4.41	-11.1
4.42	-11.8
4.43	-12.4
4.44	-13.0
4.45	-13.6
4.46	-14.2
4.47	-14.8
4.48	-15.5
4.49	-16.1
4.50	-16.7
4.51	-17.4
4.52	-18.0
4.53	-18.6
4.54	-19.3
4.55	-19.9
4.56	-20.5
4.57	-21.2
4.58	-21.8
4.59	-22.5
4.60	-23.1
4.61	-23.8
4.62	-24.4
4.63	-25.1
4.64	-25.7
4.65	-26.4
4.66	-27.1
4.67	-27.7
4.68	-28.4
4.69	-29.1
4.70	-29.7
4.71	-30.4
4.72	-31.1
4.73	-31.8
4.74	-32.5
4.75	-33.1
4.76	-33.8
4.77	-34.5
4.78	-35.2
4.79	-35.9
4.80	-36.6
4.81	-37.3
4.82	-38.0
4.83	-38.7
4.84	-39.4
4.85	-40.1
4.86	-40.8
4.87	-41.5
4.88	-42.2
4.89	-42.9
4.90	-43.6
4.91	-44.3
4.92	-45.1
4.93	-45.8
4.94	-46.5
4.95	-47.2
4.96	-48.0
4.97	-48.7
4.98	-49.4
4.99	-50.2
5.00	-50.9
5.01	-51.6
5.02	-52.4
5.03	-53.1
5.04	-53.9
5.05	-54.6
5.06	-55.4
5.07	-56.1
5.08	-56.9
5.09	-57.6
5.10	-58.4
5.11	-59.1
5.12	-59.9
5.13	-60.7
5.14	-61.4
5.15	-62.2
5.16	-63.0
5.17	-63.8
5.18	-64.5
5.19	-65.3
5.20	-66.1
5.22	-65.0
5.24	-63.9
5.26	-62.8
5.28	-61.7
5.30	-60.6
5.32	-59.5
5.34	-58.5
5.36	-57.4
5.38	-56.4
5.40	-55.3
5.42	-54.3
5.44	-53.3
5.46	-52.3
5.48	-51.3
5.50	-50.3
5.52	-49.3
5.54	-48.3
5.56	-47.3
5.58	-46.4
5.60	-45.4
5.62	-44.5
5.64	-43.5
5.66	-42.6
5.68	-41.7
5.70	-40.7
5.72	-39.8
5.74	-38.9
5.76	-38.1
5.78	-37.2
5.80	-36.3
5.82	-35.4
5.84	-34.6
5.86	-33.7
5.88	-32.9
5.90	-32.0
5.92	-31.2
5.94	-30.4
5.96	-29.6
5.98	-28.8
6.00	-28.0
6.02	-27.2
6.04	-26.5
6.06	-25.7
6.08	-24.9
6.10	-24.2
6.12	-23.4
6.14	-22.7
6.16	-22.0
6.18	-21.3
6.20	-20.5
6.22	-19.8
6.24	-19.2
6.26	-18.5
6.28	-17.8
6.30	-17.1
6.32	-16.5
6.34	-15.8
6.36	-15.2
6.38	-14.5
6.40	-13.9
6.42	-13.3
6.44	-12.7
6.46	-12.1
6.48	-11.5
6.50	-10.9
6.52	-10.3
6.54	-9.7
6.56	-9.2
6.58	-8.6
6.60	-8.1
6.62	-7.6
6.64	-7.0
6.66	-6.5
6.68	-6.0
6.70	-5.5
6.72	-5.0
6.74	-4.5
6.76	-4.0
6.78	-3.6
6.80	-3.1
6.82	-2.6
6.84	-2.2
6.86	-1.8
6.88	-1.3
6.90	-0.9
6.92	-0.5
6.94	-0.1
6.96	0.3
6.98	0.7
7.00	1.1
7.02	1.4
7.04	1.8
7.06	2.2
7.08	2.5
7.10	2.9
7.12	3.2
7.14	3.5
7.16	3.8
7.18	4.1
7.20	4.4
7.22	4.7
7.24	5.0
7.26	5.3
7.28	5.5
7.29	5.8
7.31	6.0
7.33	6.3
7.35	6.5
7.37	6.7
7.39	7.0
7.41	7.2
7.43	7.4
7.45	7.6
7.47	7.7
7.49	7.9
7.51	8.1
7.53	8.2
7.55	8.4
7.57	8.5
7.59	8.7
7.61	8.8
7.63	8.9
7.65	9.0
7.67	9.1
7.69	9.2
7.71	9.3
7.73	9.4
7.75	9.4
7.77	9.5
7.79	9.5
7.81	9.6
7.83	9.6
7.85	9.6
7.87	9.7
7.89	9.7
7.91	9.7
7.93	9.7
7.95	9.6
7.97	9.6
7.99	9.6
8.01	9.6
8.03	9.5
8.05	9.5
8.07	9.4
8.09	9.3
8.11	9.2
8.13	9.1
8.15	9.0
8.17	8.9
8.19	8.8
8.21	8.7
8.23	8.6
8.25	8.4
8.27	8.3
8.29	8.1
8.31	8.0
8.33	7.8
8.35	7.6
8.37	7.4
8.39	7.2
8.41	7.0
8.43	6.8
8.45	6.6
8.47	6.4
8.49	6.1
8.51	5.9
8.53	5.6
8.55	5.4
8.57	5.1
8.59	4.8
8.61	4.5
8.63	4.2
8.65	3.9
8.67	3.6
8.69	3.3
8.71	3.0
8.73	2.7
8.75	2.3
8.77	2.0
8.79	1.6
8.81	1.2
8.83	0.9
8.85	0.5
8.87	0.1
8.89	-0.3
8.91	-0.7
8.93	-1.2
8.95	-1.6
8.97	-2.0
8.99	-2.5
9.01	-2.9
9.03	-3.4
9.05	-3.8
9.07	-4.3
9.09	-4.8
9.11	-5.3
9.13	-5.8
9.15	-6.3
9.17	-6.8
9.19	-7.3
9.21	-7.9
9.23	-8.4
9.25	-9.0
9.27	-9.5
9.29	-10.1
9.31	-10.7
9.33	-11.2
9.35	-11.8
9.37	-11.4
9.39	-11.0
9.41	-10.6
9.43	-10.2
9.45	-9.8
9.47	-9.5
9.49	-9.1
9.51	-8.7
9.53	-8.3
9.55	-8.0
9.57	-7.6
9.59	-7.2
9.61	-6.9
9.63	-6.5
9.65	-6.2
9.67	-5.9
9.69	-5.5
9.71	-5.2
9.73	-4.9
9.75	-4.5
9.77	-4.2
9.79	-3.9
9.81	-3.6
9.83	-3.3
9.85	-3.0
9.87	-2.7
9.89	-2.4
9.91	-2.1
9.93	-1.8
9.95	-1.6
9.97	-1.3
9.99	-1.0
10.01	-0.7
10.03	-0.5
10.05	-0.2
10.07	0.0
10.09	0.3
10.11	0.5
10.13	0.8
10.15	1.0
10.17	1.2
10.19	1.4
10.21	1.7
10.23	1.9
10.25	2.1
10.27	2.3
10.29	2.5
10.31	2.7
10.33	2.9
10.35	3.1
10.37	3.3
10.39	3.5
10.41	3.6
10.43	3.8
10.45	4.0
10.47	4.2
10.49	4.3
10.51	4.5
10.53	4.6
10.55	4.8
10.57	4.9
10.59	5.0
10.61	5.2
10.63	5.3
10.65	5.4
10.67	5.6
10.69	5.7
10.71	5.8
10.73	5.9
10.75	6.0
10.77	6.1
10.79	6.2
10.81	6.3
10.83	6.4
10.85	6.4
10.87	6.5
10.89	6.6
10.91	6.7
10.93	6.7
10.95	6.8
10.97	6.8
10.99	6.9
11.01	6.9
11.03	7.0
11.05	7.0
11.07	7.0
11.09	7.1
11.11	7.1
11.13	7.1
11.15	7.1
11.17	7.1
11.19	7.2
11.21	7.2
11.23	7.2
11.25	7.1
11.27	7.1
11.29	7.1
11.31	7.1
11.33	7.1
11.35	7.0
11.37	7.0
11.39	7.0
11.41	6.9
11.43	6.9
11.45	6.8
11.47	6.8
11.49	6.7
11.51	6.7
11.53	6.6
11.55	6.5
11.57	6.4
11.59	6.4
11.61	6.3
11.63	6.2
11.65	6.1
11.67	6.0
11.69	5.9
11.71	5.8
11.73	5.7
11.75	5.5
11.77	5.4
11.79	5.3
11.81	5.2
11.83	5.0
11.85	4.9
11.87	4.8
11.89	4.6
11.91	4.5
11.93	4.3
11.95	4.1
11.97	4.0
11.99	3.8
12.01	3.6
12.03	3.5
12.05	3.3
12.07	3.1
12.09	2.9
12.11	2.7
12.13	2.5
12.15	2.3
12.17	2.1
12.19	1.9
12.21	1.6
12.23	1.4
12.25	1.2
12.27	1.0
12.29	0.7
12.31	0.5
12.33	0.2
12.35	0.0
