627
0.00	10.0
0.01	9.9
0.02	9.9
0.03	9.8
0.04	9.8
0.05	9.7
0.06	9.6
0.07	9.6
0.08	9.5
0.09	9.5
0.10	9.4
0.11	9.3
0.12	9.3
0.13	9.2
0.14	9.2
0.15	9.1
0.16	9.0
0.17	9.0
0.18	8.9
0.19	8.8
0.20	8.8
0.21	8.7
0.22	8.7
0.23	8.6
0.24	8.5
0.25	8.5
0.26	8.4
0.27	8.4
0.28	8.3
0.29	8.2
0.30	8.2
0.31	8.1
0.32	8.1
0.33	8.0
0.34	7.9
0.35	7.9
0.36	7.8
0.37	7.8
0.38	7.7
0.39	7.6
0.40	7.6
0.41	7.5
0.42	7.5
0.43	7.4
0.44	7.3
0.45	7.3
0.46	7.2
0.47	7.2
0.48	7.1
0.49	7.0
0.50	7.0
0.51	6.9
0.52	6.9
0.53	6.8
0.54	6.7
0.55	6.7
0.56	6.6
0.57	6.6
0.58	6.5
0.59	6.4
0.60	6.4
0.61	6.3
0.62	6.3
0.63	6.2
0.64	6.1
0.65	6.1
0.66	6.0
0.67	6.0
0.68	5.9
0.69	5.8
0.70	5.8
0.71	5.7
0.72	5.7
0.73	5.6
0.74	5.5
0.75	5.5
0.76	5.4
0.77	5.4
0.78	5.3
0.79	5.2
0.80	5.2
0.81	5.1
0.82	5.1
0.83	5.0
0.84	4.9
0.85	4.9
0.86	4.8
0.87	4.7
0.88	4.7
0.89	4.6
0.90	4.6
0.91	4.5
0.92	4.4
0.93	4.4
0.94	4.3
0.95	4.3
0.96	4.2
0.97	4.1
0.98	4.1
0.99	4.0
1.00	4.0
1.01	3.9
1.02	3.8
1.03	3.8
1.04	3.7
1.05	3.7
1.06	3.6
1.07	3.5
1.08	3.5
1.09	3.4
1.10	3.4
1.11	3.3
1.12	3.2
1.13	3.2
1.14	3.1
1.15	3.1
1.16	3.0
1.17	2.9
1.18	2.9
1.19	2.8
1.20	2.8
1.21	2.7
1.22	2.6
1.23	2.6
1.24	2.5
1.25	2.5
1.26	2.4
1.27	2.3
1.28	2.3
1.29	2.2
1.30	2.2
1.31	2.1
1.32	2.0
1.33	2.0
1.34	1.9
1.35	1.9
1.36	1.8
1.37	1.7
1.38	1.7
1.39	1.6
1.40	1.6
1.41	1.5
1.42	1.4
1.43	1.4
1.44	1.3
1.45	1.3
1.46	1.2
1.47	1.1
1.48	1.1
1.49	1.0
1.50	1.0
1.51	0.9
1.52	0.8
1.53	0.8
1.54	0.7
1.55	0.6
1.56	0.6
1.57	0.5
1.58	0.5
1.59	0.4
1.60	0.3
1.61	0.3
1.62	0.2
1.63	0.2
1.64	0.1
1.65	0.0
1.66	-0.0
1.67	-0.1
1.68	-0.1
1.69	-0.2
1.70	-0.3
1.71	-0.3
1.72	-0.4
1.73	-0.4
1.74	-0.5
1.75	-0.6
1.76	-0.6
1.77	-0.7
1.78	-0.7
1.79	-0.8
1.80	-0.9
1.81	-0.9
1.82	-1.0
1.83	-1.0
1.84	-1.1
1.85	-1.2
1.86	-1.2
1.87	-1.3
1.88	-1.3
1.89	-1.4
1.90	-1.5
1.91	-1.5
1.92	-1.6
1.93	-1.6
1.94	-1.7
1.95	-1.8
1.96	-1.8
1.97	-1.9
1.98	-1.9
1.99	-2.0
2.00	-2.1
2.01	-2.1
2.02	-2.2
2.03	-2.2
2.04	-2.3
2.05	-2.4
2.06	-2.4
2.07	-2.5
2.08	-2.5
2.09	-2.6
2.10	-2.7
2.11	-2.7
2.12	-2.8
2.13	-2.8
2.14	-2.9
2.15	-3.0
2.16	-3.0
2.17	-3.1
2.18	-3.2
2.19	-3.2
2.20	-3.3
2.21	-3.3
2.22	-3.4
2.23	-3.5
2.24	-3.5
2.25	-3.6
2.26	-3.6
2.27	-3.7
2.28	-3.8
2.29	-3.8
2.30	-3.9
2.31	-3.9
2.32	-4.0
2.33	-4.1
2.34	-4.1
2.35	-4.2
2.36	-4.2
2.37	-4.3
2.38	-4.4
2.39	-4.4
2.40	-4.5
2.41	-4.6
2.42	-4.7
2.43	-4.8
2.44	-5.0
2.45	-5.1
2.46	-5.2
2.47	-5.3
2.48	-5.4
2.49	-5.6
2.50	-5.7
2.51	-5.8
2.52	-5.9
2.53	-6.0
2.54	-6.2
2.55	-6.3
2.56	-6.4
2.57	-6.5
2.58	-6.6
2.59	-6.8
2.60	-6.9
2.61	-7.0
2.62	-7.1
2.63	-7.2
2.64	-7.4
2.65	-7.5
2.66	-7.6
2.67	-7.7
2.68	-7.8
2.69	-8.0
2.70	-8.1
2.71	-8.2
2.72	-8.3
2.73	-8.4
2.74	-8.6
2.75	-8.7
2.76	-8.8
2.77	-8.9
2.78	-9.0
2.79	-9.2
2.80	-9.3
2.81	-9.4
2.82	-9.5
2.83	-9.6
2.84	-9.8
2.85	-9.9
2.86	-10.0
2.87	-10.1
2.88	-10.3
2.89	-10.4
2.90	-10.5
2.91	-10.6
2.92	-10.7
2.93	-10.9
2.94	-11.0
2.95	-11.1
2.96	-11.2
2.97	-11.3
2.98	-11.5
2.99	-11.6
3.00	-11.7
3.01	-11.8
3.02	-11.9
3.03	-12.1
3.04	-12.2
3.05	-12.3
3.06	-12.4
3.07	-12.5
3.08	-12.7
3.09	-12.8
3.10	-12.9
3.11	-13.0
3.12	-13.1
3.13	-13.3
3.14	-13.4
3.15	-13.5
3.16	-13.6
3.17	-13.7
3.18	-13.9
3.19	-14.0
3.20	-14.1
3.21	-14.2
3.22	-14.3
3.23	-14.5
3.24	-14.6
3.25	-14.7
3.26	-14.8
3.27	-14.9
3.28	-15.1
3.29	-15.2
3.30	-15.3
3.31	-15.4
3.32	-15.5
3.33	-15.7
3.34	-15.8
3.35	-15.9
3.36	-16.0
3.37	-16.1
3.38	-16.3
3.39	-16.4
3.40	-16.5
3.41	-16.6
3.42	-16.7
3.43	-16.9
3.44	-17.0
3.45	-17.1
3.46	-17.2
3.47	-17.3
3.48	-17.5
3.49	-17.6
3.50	-17.7
3.51	-17.8
3.52	-18.0
3.53	-18.1
3.54	-18.2
3.55	-18.3
3.56	-18.4
3.57	-18.6
3.58	-18.7
3.59	-18.8
3.60	-18.9
3.61	-19.0
3.62	-19.2
3.63	-19.3
3.64	-19.4
3.65	-19.5
3.66	-19.6
3.67	-19.8
3.68	-19.9
3.69	-20.0
3.70	-20.1
3.71	-20.2
3.72	-20.4
3.73	-20.5
3.74	-20.6
3.75	-20.7
3.76	-20.8
3.77	-21.0
3.78	-21.1
3.79	-21.2
3.80	-21.3
3.81	-21.4
3.82	-21.6
3.83	-21.7
3.84	-21.8
3.85	-21.9
3.86	-22.0
3.87	-22.2
3.88	-22.3
3.89	-22.4
3.90	-22.5
3.91	-22.6
3.92	-22.8
3.93	-22.9
3.94	-23.0
3.95	-23.1
3.96	-23.2
3.97	-23.4
3.98	-23.5
3.99	-23.6
4.00	-23.7
4.01	-23.8
4.02	-24.0
4.03	-24.1
4.04	-24.2
4.05	-24.3
4.06	-24.4
4.07	-24.6
4.08	-24.7
4.09	-24.8
4.10	-24.9
4.11	-25.0
4.12	-25.2
4.13	-25.3
4.14	-25.4
4.15	-25.5
4.16	-25.6
4.17	-25.8
4.18	-25.9
4.19	-26.0
4.20	-26.1
4.21	-26.3
4.22	-26.4
4.23	-26.5
4.24	-26.6
4.25	-26.7
4.25	30.3
4.27	30.1
4.29	29.8
4.31	29.6
4.33	29.3
4.35	29.1
4.37	28.8
4.39	28.6
4.41	28.3
4.43	28.1
4.45	27.8
4.47	27.6
4.49	27.3
4.51	27.1
4.53	26.8
4.55	26.6
4.57	26.3
4.59	26.1
4.61	25.8
4.63	25.6
4.65	25.4
4.67	25.1
4.69	24.9
4.71	24.6
4.73	24.4
4.75	24.1
4.77	23.9
4.79	23.6
4.81	23.4
4.83	23.1
4.85	22.9
4.87	22.6
4.89	22.4
4.91	22.1
4.93	21.9
4.95	21.6
4.97	21.4
4.99	21.1
5.01	20.9
5.03	20.7
5.05	20.4
5.07	20.2
5.09	19.9
5.11	19.7
5.13	19.4
5.15	19.2
5.17	18.9
5.19	18.7
5.21	18.4
5.23	18.2
5.25	17.9
5.27	17.7
5.29	17.4
5.31	17.2
5.33	16.9
5.35	16.7
5.37	16.4
5.39	16.2
5.41	16.0
5.43	15.7
5.45	15.5
5.47	15.2
5.49	15.0
5.51	14.7
5.53	14.5
5.55	14.2
5.57	14.0
5.59	13.7
5.61	13.5
5.63	13.2
5.65	13.0
5.67	12.7
5.69	12.5
5.71	12.2
5.73	12.0
5.75	11.7
5.77	11.5
5.79	11.3
5.81	11.0
5.83	10.8
5.85	10.5
5.87	10.3
5.89	10.0
5.91	9.8
5.93	9.5
5.95	9.3
5.97	9.0
5.99	8.8
6.01	8.5
6.03	8.3
6.05	8.0
6.07	7.8
6.09	7.5
6.11	7.3
6.13	7.0
6.15	6.8
6.17	6.6
6.19	6.3
6.21	6.1
6.23	5.8
6.25	5.6
6.27	5.3
6.29	5.1
6.31	4.8
6.33	4.6
6.35	4.3
6.37	4.1
6.39	3.8
6.41	3.6
6.43	3.3
6.45	3.1
6.47	2.8
6.49	2.6
6.51	2.3
6.53	2.1
6.55	1.9
6.57	1.6
6.59	1.4
6.61	1.1
6.63	0.9
6.65	0.6
6.67	0.4
6.69	0.1
6.71	-0.1
6.73	-0.4
6.75	-0.6
6.77	-0.9
6.79	-1.1
6.81	-1.4
6.83	-1.6
6.85	-1.9
6.87	-2.1
6.89	-2.4
6.91	-2.6
6.93	-2.9
6.95	-3.1
6.97	-3.3
6.99	-3.6
7.01	-3.8
7.03	-4.1
7.05	-4.3
7.07	-4.6
7.09	-4.8
7.11	-5.1
7.13	-5.3
7.15	-5.6
7.17	-5.8
7.19	-6.1
7.21	-6.3
7.23	-6.6
7.25	-6.8
7.27	-7.1
7.29	-7.3
7.31	-7.6
7.33	-7.8
7.35	-8.0
7.37	-8.3
7.39	-8.5
7.41	-8.8
7.43	-9.0
7.45	-9.3
7.47	-9.5
7.49	-9.8
7.51	-10.0
7.53	-10.3
7.55	-10.5
7.57	-10.8
7.59	-11.0
7.61	-11.3
7.63	-11.5
7.65	-11.8
7.67	-12.0
7.69	-12.3
7.71	-12.5
7.73	-12.7
7.75	-13.0
7.77	-13.2
7.79	-13.5
7.81	-13.7
7.83	-14.0
7.85	-14.2
7.87	-14.5
7.89	-14.7
7.91	-15.0
7.93	-15.2
7.95	-15.5
7.97	-15.7
7.99	-16.0
8.01	-16.2
8.03	-16.5
8.05	-16.7
8.07	-17.0
8.09	-17.2
8.11	-17.4
8.13	-17.7
8.15	-17.9
8.17	-18.2
8.19	-18.4
8.21	-18.7
8.23	-18.9
8.25	-19.2
